568
408
679
338
617
968
723
169
838
510
550
839
652
824
4
773
496
802
639
405
966
481
708
172
948
985
802
139
426
400
161
428
725
645
37
692
88
661
433
993
876
3
855
438
818
231
805
964
565
18
449
530
559
226
162
776
740
852
258
215
349
695
908
85
476
194
617
422
803
297
624
540
803
184
894
106
248
946
13
791
916
775
441
461
120
663
540
641
809
239
962
207
698
53
632
51
950
205
40
201
928
285
235
16
404
123
303
682
764
139
802
335
298
6
567
123
953
998
276
529
941
502
988
618
382
129
560
224
181
501
529
301
251
528
166
406
883
587
88
278
27
283
873
326
561
517
47
648
377
100
867
522
460
875
324
946
303
462
191
80
605
107
425
741
785
801
185
896
934
782
795
141
953
839
546
837
226
374
234
301
721
435
644
311
301
188
153
417
591
337
973
734
472
609
587
159
318
539
345
379
944
945
222
114
572
156
260
73
81
222
878
59
324
389
744
809
823
846
81
151
946
498
570
930
692
667
390
730
436
66
972
221
180
515
443
510
70
850
895
299
729
986
322
681
764
277
480
497
920
190
41
672
648
328
499
234
787
404
325
599
7
911
938
409
537
241
128
921
763
722
459
985
124
920
322
743
222
23
367
672
712
595
428
899
487
209
39
343
609
976
821
931
359
722
762
227
233
334
181
672
61
64
158
741
704
72
155
300
854
277
596
174
12
569
232
117
826
17
573
790
722
599
190
471
217
677
75
707
780
434
889
307
25
510
934
180
465
997
122
898
270
733
716
884
773
741
825
336
635
462
706
792
447
301
313
898
757
946
532
731
27
525
548
816
676
663
509
763
653
381
213
775
205
213
90
779
795
859
451
835
362
752
482
552
430
232
51
171
353
427
886
525
961
368
833
400
579
663
223
31
647
108
863
270
444
947
430
163
614
301
291
25
611
204
81
294
166
738
901
776
852
990
890
480
134
94
230
227
411
976
962
200
854
790
522
435
834
611
697
111
446
431
722
356
250
981
787
307
830
357
731
868
187
447
575
181
885
495
870
234
158
1
991
477
937
486
747
856
306
694
3
750
306
597
875
121
59
938
874
164
835
492
878
53
388
755
514
240
150
65
21
621
520
344
120
268
350
919
78
39
312
890
887
226
582
18
545
560
786
391
831
792
275
66
408
956
370
170
244
151
127
90
809
432
340
796
613
20
763
585
500
378
107
91
840
34
294
44
135
289
148
587
609
901
509
274
359
681
699
876
344
303
91
45
580
712
21
621
622
113
477
286
484
500
500
746
805
703
497
832
528
598
853
235
927
418
490
160
778
799
74
20
746
383
389
456
394
888
246
688
263
951
992
397
605
276
759
765
449
809
634
561
19
229
350
250
217
974
577
77
413
670
370
263
743
221
386
885
529
137
517
153
133
653
475
674
551
989
211
190
449
779
325
906
79
936
603
964
412
774
318
470
408
781
92
647
812
908
510
532
504
35
18
927
266
957
836
519
227
331
328
514
774
761
796
613
99
128
431
823
304
59
174
751
308
385
475
788
741
187
296
401
206
566
851
510
968
533
555
169
110
655
696
823
278
796
138
490
152
417
884
977
335
40
999
112
926
553
438
35
83
862
789
236
320
401
488
559
654
116
567
577
805
243
301
230
461
384
101
487
749
928
660
168
4
884
458
531
269
773
316
505
979
650
161
992
782
401
361
331
4
998
657
67
12
866
319
972
274
291
41
235
841
11
224
741
932
499
307
341
918
467
436
817
826
964
554
521
80
578
903
11
677
577
948
596
468
133
272
282
808
553
110
841
209
803
27
214
338
349
824
232
708
134
284
651
965
325
361
943
491
479
445
644
946
392
851
943
887
134
481
894
554
396
642
909
73
831
128
402
584
343
873
816
445
276
386
45
3
654
786
65
357
208
181
613
150
938
220
830
890
222
811
563
690
516
526
432
195
712
770
190
315
627
705
645
554
288
106
334
440
500
375
705
497
746
385
738
478
277
402
905
514
935
31
383
991
306
536
179
900
198
58
562
447
757
484
368
896
457
364
373
579
646
256
986
523
695
303
33
716
213
500
617
280
816
896
442
872
975
63
469
137
316
921
541
685
504
207
542
800
132
241
737
609
427
562
136
484
794
648
903
8
601
81
594
854
782
692
429
755
564
735
378
60
334
772
653
425
303
239
370
556
47
448
877
813
238
211
87
511
611
547
561
902
869
79
495
488
181
667
254
511
505
254
586
895
395
796
981
698
448
321
334
416
576
491
789
89
552
363
683
583
553
529
939
764
941
832
586
595
679
581
527
329
703
264
238
71
509
932
374
719
727
921
732
719
698
548
834
745
61
91
547
83
221
912
768
695
148
566
657
184
992
133
788
60
43
936
431
768
473
986
968
822
466
419
917
826
95
770
756
759
792
32
398
880
853
437
331
382
841
84
596
746
478
786
859
427
121
94
912
644
831
394
598
125
391
742
271
290
809
805
847
755
193
888
789
102
269
33
792
712
45
216
770
269
308
464
847
716
210
50
607
542
465
26
256
496
875
802
340
525
477
356
719
118
773
198
376
918
568
257
91
329
206
525
454
22
12
361
194
198
434
615
992
398
152
848
164
580
932
375
815
350
151
474
740
188
896
82
389
269
741
856
846
114
703
278
560
58
730
441
897
253
982
67
66
32
741
841
335
139
922
309
929
557
942
512
322
232
981
467
547
915
478
490
565
597
63
453
30
430
756
726
667
835
312
222
578
776
833
830
837
3
784
657
653
26
534
539
488
464
217
661
831
579
607
10
949
148
764
910
760
825
669
404
634
746
292
348
945
638
316
220
656
908
965
476
587
618
860
307
179
734
488
557
597
318
879
659
208
548
139
765
404
832
740
748
722
345
756
723
208
796
965
511
199
647
960
395
565
497
638
269
566
133
310
227
388
288
415
602
658
358
286
480
98
630
864
132
605
222
482
507
338
211
918
249
258
590
40
859
354
727
18
474
90
141
319
740
390
53
625
940
960
97
484
348
330
223
521
374
969
144
533
322
1000
821
208
823
167
608
298
270
554
242
420
137
203
937
117
111
521
870
545
709
821
583
511
106
787
259
376
765
6
4
717
590
537
556
502
19
74
754
526
133
831
231
189
121
542
175
904
148
169
103
978
915
492
788
395
157
22
899
948
298
708
658
617
339
22
818
642
318
630
96
114
322
13
485
600
470
923
89
287
224
293
822
829
490
735
624
119
627
87
135
448
431
104
282
285
962
791
891
583
643
674
582
343
501
361
908
824
928
253
800
540
619
372
856
896
499
301
650
974
470
660
918
629
108
661
384
16
729
4
848
559
984
926
197
861
339
986
296
749
55
884
301
649
53
357
435
829
104
470
483
597
311
634
434
798
141
210
927
505
729
629
252
533
641
15
721
987
930
460
120
797
752
65
957
452
295
153
610
573
313
140
916
508
135
790
706
867
681
786
744
974
185
222
915
126
693
270
891
766
674
375
760
762
608
893
348
493
545
742
208
610
700
653
879
183
481
339
647
481
152
62
474
287
7
418
296
520
553
796
104
962
933
992
379
676
834
921
889
627
224
290
682
411
556
440
666
797
158
457
618
999
329
888
122
598
807
882
575
586
215
853
262
915
964
657
717
378
95
603
787
301
616
867
769
349
270
252
120
493
272
495
277
659
517
755
483
309
626
54
202
82
722
1000
726
242
921
423
452
400
36
621
520
131
367
570
802
743
937
147
10
222
354
112
941
138
97
71
337
420
518
980
212
364
427
81
416
610
56
932
266
242
951
401
803
789
653
177
27
603
968
183
994
92
54
783
795
774
942
801
302
775
914
615
125
524
459
508
979
783
442
150
772
183
332
458
651
426
497
369
101
571
915
157
462
898
202
176
915
881
354
77
407
965
708
289
813
967
998
446
70
853
373
186
830
90
758
862
668
610
504
121
196
343
185
94
503
895
280
78
338
545
119
705
740
838
701
368
421
272
36
409
832
887
938
299
814
334
261
155
240
867
807
144
779
958
97
390
401
911
346
594
482
342
197
625
470
369
952
54
756
111
125
645
645
519
335
550
3
909
319
321
434
809
536
151
784
471
46
109
309
576
746
837
506
200
785
928
477
308
791
581
600
574
579
870
641
194
780
64
799
446
88
204
92
918
142
377
144
7
483
30
441
694
177
583
389
651
568
85
81
667
787
776
2
527
951
714
134
720
611
541
178
732
766
86
242
831
238
396
952
919
840
628
707
649
94
528
266
90
704
287
24
389
337
235
767
375
207
826
614
420
759
553
201
165
373
718
827
624
13
483
453
41
865
627
574
339
374
858
947
850
332
745
713
131
446
74
666
564
404
287
832
804
183
860
20
915
994
539
690
275
748
830
607
143
837
283
852
570
459
449
82
106
990
636
823
982
472
112
186
572
219
144
315
985
997
334
949
341
358
705
685
526
413
103
319
673
739
157
786
731
162
302
368
905
853
2
230
938
444
203
700
765
64
977
985
554
750
467
922
446
896
50
918
667
935
47
20
377
115
614
251
439
433
375
362
912
680
623
526
719
628
373
69
678
616
53
587
418
689
515
795
847
181
786
669
682
307
724
356
154
532
585
397
403
59
906
704
38
559
353
269
383
253
353
635
833
562
522
710
900
895
828
907
432
78
26
907
229
397
132
848
965
633
14
196
559
676
678
191
396
310
805
816
556
921
518
73
469
351
90
172
341
701
208
983
618
903
22
588
535
133
720
425
48
164
26
57
482
874
789
388
863
823
360
384
431
520
978
565
755
836
434
472
226
89
336
70
782
922
747
225
818
69
471
774
736
818
16
363
743
635
747
188
949
198
303
147
353
758
501
67
853
886
3
539
598
576
382
405
435
410
299
670
189
637
285
49
355
12
255
672
755
416
805
868
883
161
399
853
202
172
83
37
857
229
198
126
223
42
370
489
474
140
129
777
463
190
645
498
600
535
16
799
412
685
231
826
412
785
361
50
263
795
411
683
527
600
118
216
825
971
838
36
900
7
730
657
39
648
31
3
874
946
773
711
744
564
693
534
788
656
99
243
812
813
479
698
762
716
353
347
583
838
798
563
741
445
489
55
414
738
663
710
359
812
356
778
541
53
222
835
926
835
757
501
844
703
970
340
258
74
562
760
725
937
555
49
728
359
229
190
39
798
416
228
987
446
771
463
972
834
280
240
664
493
139
872
600
869
787
697
639
867
660
176
667
434
996
275
457
848
68
327
345
342
500
46
57
834
920
790
235
84
769
601
734
521
975
464
183
819
587
1000
655
222
789
838
898
479
913
601
889
275
339
631
901
285
741
255
470
512
260
882
764
726
703
87
684
561
455
44
446
24
41
39
40
566
980
504
945
897
238
5
657
197
879
846
533
793
220
819
719
398
153
547
929
311
332
170
946
145
255
344
746
642
564
642
686
423
49
20
366
522
642
990
156
377
811
189
813
674
175
968
709
414
661
439
835
930
795
835
915
997
709
309
797
227
495
632
205
945
215
950
948
113
318
399
473
172
59
232
860
112
146
874
533
472
976
35
388
217
183
237
162
355
516
103
977
664
935
171
832
114
968
122
242
229
729
655
445
511
281
686
879
949
864
972
269
986
144
16
706
915
427
921
828
730
3
351
946
487
16
603
188
817
870
998
545
940
874
103
994
306
913
1000
677
354
774
911
982
371
432
540
21
843
175
426
54
744
34
327
384
292
845
62
544
898
212
528
618
313
625
457
402
752
909
873
676
914
310
693
93
832
604
140
179
434
705
287
277
447
738
487
661
966
671
746
818
226
855
923
539
496
606
51
219
216
752
608
491
192
220
407
921
344
697
576
581
406
24
754
55
765
728
770
377
986
541
588
258
302
780
439
764
935
885
808
87
779
174
996
467
712
679
741
763
929
790
248
57
116
789
245
251
545
925
672
300
821
135
448
505
942
196
406
860
457
50
11
918
836
395
884
916
841
694
992
441
100
713
871
692
801
514
715
590
2
929
408
699
745
977
618
423
102
354
977
313
617
266
145
507
546
191
274
892
344
971
385
435
785
110
540
876
464
481
179
803
673
659
607
438
731
150
765
328
959
907
166
489
342
741
419
726
844
436
129
52
971
366
284
589
385
574
17
545
145
771
386
995
138
559
582
456
805
559
249
106
373
976
750
245
49
155
388
416
119
64
451
481
486
369
171
408
714
187
4
647
898
525
432
748
40
868
926
169
774
337
465
212
333
605
852
874
304
455
920
167
192
63
818
213
798
823
4
952
931
280
706
120
401
312
389
800
597
148
305
56
564
89
609
449
978
525
563
390
455
366
114
600
549
408
709
236
793
560
518
719
767
249
242
696
290
187
358
74
499
191
467
239
840
37
243
708
915
484
24
569
277
629
966
429
787
8
864
761
576
546
819
652
493
864
568
96
20
321
710
329
380
166
773
706
560
122
357
877
140
275
208
585
670
449
712
167
469
394
7
472
75
653
351
234
705
112
676
831
663
679
713
488
886
881
861
767
592
788
513
102
203
675
820
913
553
102
333
802
847
377
624
802
366
688
334
723
18
10
181
842
574
164
963
162
46
146
5
846
151
84
739
721
617
825
124
252
416
861
269
319
951
98
577
677
766
547
583
702
365
639
256
519
813
662
38
370
416
470
171
660
681
335
378
944
97
806
467
228
260
964
567
661
343
645
442
160
373
582
939
469
849
524
181
951
895
83
287
552
457
297
255
289
223
207
160
453
864
115
816
555
245
717
110
727
623
512
881
408
759
106
664
255
114
650
174
53
82
25
329
195
950
231
330
562
756
144
823
401
564
56
656
333
818
524
467
399
523
748
69
92
100
737
544
385
418
782
277
824
654
885
866
933
405
207
572
86
3
715
676
577
964
856
234
484
992
984
43
894
95
435
130
569
226
350
812
490
197
497
303
573
909
794
113
655
954
759
287
342
755
592
232
532
585
283
181
148
573
66
224
565
764
159
617
821
500
820
420
977
234
238
297
69
347
811
637
124
779
47
880
413
640
485
624
850
762
82
651
983
241
311
599
448
756
371
622
483
367
305
634
293
308
522
403
362
915
142
717
996
297
431
851
811
4
594
283
822
59
722
430
7
497
319
114
741
720
842
768
587
49
745
410
689
758
576
155
890
285
144
474
448
802
505
989
665
836
931
704
317
514
695
990
550
587
880
395
211
30
540
897
298
271
280
269
146
201
800
13
279
429
861
180
392
406
372
625
949
443
694
487
603
556
890
166
68
505
600
888
642
236
491
427
245
566
266
536
784
143
987
556
25
134
516
547
424
850
945
797
33
432
657
915
22
813
603
913
152
639
10
240
165
504
468
745
400
969
589
748
11
643
527
671
833
946
77
699
190
915
347
722
765
698
816
420
418
919
639
231
168
216
762
336
121
180
709
118
942
298
874
248
856
475
504
427
926
474
228
266
632
62
25
303
411
655
857
833
969
235
211
503
318
699
296
356
71
913
879
219
426
459
373
459
531
184
637
583
669
653
859
318
178
540
100
9
398
607
892
774
218
145
769
88
468
815
200
319
789
854
157
303
604
801
784
789
970
4
407
399
772
950
19
375
850
614
267
901
50
824
215
891
5
604
927
625
13
683
715
807
338
289
753
949
242
253
861
866
520
174
651
107
686
952
17
787
48
66
521
393
616
876
892
565
890
72
53
212
198
506
466
627
330
863
803
337
227
948
667
408
777
829
438
825
892
116
641
268
82
176
574
323
137
192
882
585
727
932
471
204
585
1
40
97
563
666
766
770
747
165
997
13
933
714
808
376
180
377
371
230
893
299
809
204
404
514
745
18
75
998
796
582
528
971
384
595
160
971
649
184
850
142
799
657
10
230
8
204
476
489
793
996
459
305
26
722
760
451
791
46
13
34
352
449
321
861
290
526
894
548
282
8
114
652
284
503
722
143
464
804
232
705
616
431
685
511
895
393
697
76
68
952
903
924
36
755
374
726
103
785
389
218
166
239
487
427
875
303
203
647
289
291
763
527
882
220
474
911
228
697
179
109
929
464
533
416
99
12
757
266
1000
708
655
446
319
464
218
989
63
652
202
347
21
345
411
469
913
558
893
27
2
513
216
717
674
485
757
939
180
753
192
652
203
473
207
241
522
741
487
473
197
706
183
784
166
53
415
300
93
142
413
820
774
726
922
321
859
116
365
564
600
74
805
971
626
267
608
477
850
351
835
774
349
227
810
889
753
226
751
650
483
791
281
121
45
349
188
938
387
817
635
47
201
557
668
61
942
914
885
86
565
582
587
765
721
872
818
689
875
332
316
133
997
485
429
618
692
254
434
728
883
747
494
653
24
181
806
279
443
592
874
403
38
355
546
969
176
62
809
612
561
922
186
60
542
599
509
430
925
817
211
700
687
213
258
689
613
43
63
591
885
309
384
46
552
939
695
831
866
204
76
167
932
639
901
422
939
944
303
945
624
464
369
326
644
507
687
823
730
160
898
498
944
725
527
794
547
769
149
265
969
403
871
298
814
133
757
863
370
287
862
801
319
109
296
866
221
162
945
567
459
26
10
519
476
677
170
720
146
463
323
72
946
566
505
480
540
443
708
979
408
85
808
824
781
767
41
213
970
876
268
433
64
567
791
113
109
390
438
378
668
321
522
37
108
135
994
3
808
439
497
533
873
931
240
463
484
956
611
386
18
8
586
942
484
67
994
792
46
189
392
41
368
110
341
450
628
432
448
82
749
492
420
16
23
110
713
927
206
905
65
911
374
548
433
179
79
825
394
954
612
19
66
260
554
731
464
253
921
530
932
89
339
279
354
287
889
342
769
307
302
305
238
449
853
671
192
876
529
517
44
729
341
247
30
80
885
712
538
858
991
512
394
382
659
598
121
48
884
498
730
682
951
322
167
342
310
277
623
844
943
920
881
249
790
856
77
135
856
524
791
957
634
351
805
948
600
821
773
706
303
555
158
762
51
208
470
618
716
245
285
690
156
317
951
386
355
368
829
358
52
862
275
968
498
699
896
968
677
207
655
116
833
4
14
362
762
7
493
422
304
252
680
204
724
119
279
908
382
282
832
96
958
346
578
430
313
907
341
237
525
177
949
859
825
878
20
107
976
554
495
795
796
292
610
35
737
545
731
172
105
923
547
440
974
479
438
727
603
986
636
282
617
187
394
718
297
889
932
273
965
839
594
373
264
425
610
837
52
565
581
130
545
190
649
463
144
698
758
459
278
204
662
732
813
399
909
178
441
64
404
754
627
800
271
662
498
687
592
506
714
473
466
142
606
472
460
897
361
298
308
702
608
790
24
957
283
203
322
987
351
698
388
498
875
785
564
990
740
385
610
483
391
175
341
449
724
321
875
861
295
772
473
645
45
960
627
402
915
89
945
411
43
287
156
338
632
967
24
433
84
563
697
493
295
273
575
400
704
872
517
152
551
371
923
419
358
19
484
392
366
695
221
206
557
247
254
106
860
880
918
405
831
432
861
819
849
455
352
681
622
312
44
900
33
561
702
862
902
549
946
369
568
135
110
182
729
463
870
203
404
767
331
885
959
941
905
8
920
676
239
92
444
63
648
109
465
183
912
129
150
479
380
178
333
327
570
774
316
104
186
351
466
66
501
51
394
767
696
483
144
879
643
996
319
596
686
242
587
953
339
198
149
162
350
425
116
206
274
246
102
215
69
178
167
834
182
391
971
81
430
393
434
946
278
454
164
517
475
479
524
808
647
741
553
337
592
583
942
288
245
662
992
790
851
532
867
698
87
456
766
264
542
102
447
579
786
218
276
381
61
247
545
886
574
343
546
681
385
256
102
813
333
60
3
638
202
904
51
383
190
675
345
690
433
97
768
953
401
920
870
964
219
788
746
7
913
114
142
53
226
388
639
314
826
761
465
303
5
600
182
663
469
360
219
696
65
208
655
625
642
687
335
584
579
201
980
485
570
33
867
494
535
550
357
466
904
342
45
448
174
277
927
405
279
743
657
711
442
475
723
370
628
306
615
101
411
796
668
212
227
776
570
604
443
197
636
594
722
306
563
803
616
521
729
477
435
843
779
279
948
997
241
388
498
954
330
720
412
3
293
370
314
693
438
663
184
360
363
531
369
866
149
725
55
43
90
487
848
523
203
720
781
6
111
868
540
284
696
256
698
912
889
604
785
601
905
508
700
989
537
793
192
123
890
616
614
181
132
44
401
47
368
727
837
630
910
285
254
94
516
928
224
45
596
864
459
765
348
208
111
826
886
311
381
94
927
385
387
121
905
731
825
950
11
369
402
580
369
348
271
540
296
78
598
884
518
908
432
6
836
228
566
522
19
105
401
432
299
257
793
799
900
275
409
686
12
191
186
524
218
454
58
480
8
613
763
990
771
268
912
967
192
972
840
569
138
779
257
942
465
747
363
919
309
203
247
472
371
776
556
285
317
794
495
327
719
698
707
597
199
216
184
51
167
380
66
804
127
749
184
639
90
197
105
799
540
123
821
495
415
570
487
125
942
223
997
568
533
168
756
66
365
63
276
995
454
505
121
33
766
981
91
564
473
552
500
590
57
360
150
652
325
77
572
910
844
496
895
279
340
467
622
926
270
631
463
186
520
776
131
407
812
559
20
557
299
105
580
153
353
3
653
739
96
133
235
739
948
939
176
271
306
502
128
798
873
786
920
292
136
448
481
546
450
462
468
85
149
996
389
202
25
706
222
519
24
959
704
674
355
799
316
10
679
190
789
734
413
849
300
12
325
613
123
603
473
108
368
548
902
178
785
909
19
589
69
430
565
626
187
754
766
580
941
488
900
558
433
548
317
93
233
239
781
701
96
7
392
104
933
905
392
775
178
839
737
260
696
666
117
629
793
77
902
990
432
145
69
96
394
939
172
78
953
723
183
618
928
33
625
576
538
400
214
273
158
764
865
739
33
720
282
104
491
407
147
972
684
116
164
640
97
678
760
253
694
376
968
344
877
284
613
704
864
743
752
972
440
135
718
520
414
61
874
709
504
304
303
596
666
567
710
798
97
135
290
976
490
754
482
313
359
723
916
20
202
479
264
578
853
795
635
625
199
312
296
200
433
769
937
95
364
537
746
683
428
682
750
450
9
560
81
364
821
10
579
651
900
38
812
850
786
179
859
199
426
90
903
796
426
977
236
657
594
824
812
139
380
678
119
135
169
62
892
376
445
382
411
388
125
518
43
670
22
171
864
787
417
653
153
493
115
601
33
944
2
82
335
277
956
792
641
684
12
138
536
500
408
925
914
229
813
676
275
707
757
14
763
190
379
626
717
304
73
767
711
352
927
108
688
649
299
665
642
944
155
127
675
2
524
141
745
256
714
262
586
707
715
202
854
232
254
479
717
411
313
370
788
688
301
387
878
250
376
529
770
574
295
884
588
202
651
850
812
69
216
128
183
793
471
103
499
903
138
376
959
527
803
257
638
48
708
966
140
379
71
876
243
470
571
241
994
197
655
372
142
441
256
373
611
825
900
547
809
111
331
445
709
930
93
767
181
697
591
894
622
770
914
970
416
861
268
479
476
874
471
556
488
590
177
124
945
940
83
727
969
821
348
115
11
301
265
245
410
94
186
378
608
536
187
657
59
970
829
621
909
764
714
18
859
849
647
674
500
7
307
823
389
301
715
789
419
524
29
281
842
181
944
409
16
369
994
395
368
425
867
281
431
669
872
471
274
331
715
378
647
360
777
238
902
76
640
861
680
45
719
892
692
141
602
654
566
886
562
132
399
621
188
697
843
203
739
684
934
722
961
812
535
26
15
324
39
225
5
139
460
44
718
936
750
951
864
935
947
721
731
146
718
681
104
412
866
103
699
845
252
980
208
341
1000
113
274
675
436
165
905
717
638
874
680
734
659
829
753
411
245
595
228
768
462
219
945
706
90
815
156
777
813
808
999
31
230
755
465
128
66
792
939
157
810
897
407
288
656
418
144
340
40
103
808
323
789
837
842
676
464
429
31
570
80
301
395
973
340
349
34
835
791
931
716
403
546
300
47
349
584
614
900
711
631
58
732
816
468
982
816
483
968
268
869
817
952
691
737
155
331
841
91
440
532
713
721
208
479
133
706
276
921
20
976
845
457
655
816
196
605
188
835
2
239
314
137
422
628
868
342
523
383
4
580
502
887
967
969
575
986
758
714
241
351
783
539
754
988
951
29
659
828
837
793
395
53
665
200
141
624
209
307
714
854
318
306
489
341
80
621
634
123
282
54
380
19
310
496
912
577
826
859
222
61
616
432
521
52
833
541
921
550
122
172
565
969
863
614
382
775
94
153
522
636
570
487
697
25
628
817
745
117
808
534
317
33
877
698
210
800
196
15
288
686
231
49
858
897
334
542
892
627
885
687
199
970
438
809
282
529
761
470
522
692
677
376
161
430
925
800
311
423
905
784
668
444
549
254
181
127
242
168
698
704
893
435
677
372
86
939
449
893
965
335
293
248
168
259
153
569
486
431
460
827
932
219
226
196
312
422
243
79
21
46
421
557
232
42
307
578
156
561
188
350
542
820
249
353
202
186
203
568
359
548
26
872
839
384
83
435
578
374
841
801
65
701
88
12
309
264
9
953
727
290
885
345
817
76
699
486
225
643
844
378
556
721
804
746
519
593
317
440
405
753
832
353
865
527
413
623
68
773
589
227
107
503
266
924
130
704
304
570
443
67
209
189
801
905
794
891
179
266
400
479
53
702
437
232
917
941
32
56
221
848
367
180
754
540
917
60
279
208
640
472
639
227
983
902
24
240
349
654
873
219
373
554
745
742
153
941
485
337
58
32
39
943
779
13
442
555
799
663
125
189
502
81
653
829
642
71
419
24
207
866
513
273
413
115
991
190
797
180
955
41
352
446
112
3
633
578
421
321
441
486
980
541
282
380
780
462
921
15
948
978
46
87
167
618
216
469
310
350
913
652
911
56
437
699
632
798
236
62
359
739
331
666
413
949
683
745
687
511
545
901
587
555
21
84
869
895
381
669
982
506
177
572
46
279
288
84
489
221
566
256
48
723
940
41
486
878
39
518
967
968
633
66
111
399
778
24
362
154
998
409
381
64
964
734
697
698
570
827
888
843
970
781
67
970
617
309
391
448
905
295
917
371
965
264
406
639
412
192
103
696
65
394
434
100
281
266
723
55
663
584
180
412
722
706
421
733
516
746
929
55
483
208
633
212
12
32
912
472
812
633
942
801
302
253
574
178
195
717
898
243
22
813
945
521
291
621
9
308
200
234
661
618
526
917
52
119
726
489
64
672
449
813
757
35
950
525
696
912
258
75
257
569
889
6
191
80
982
721
887
415
391
616
280
434
363
220
220
255
433
419
529
177
918
984
649
242
503
942
553
556
572
294
50
257
263
730
119
358
224
592
605
174
845
579
491
191
605
323
221
321
526
961
375
597
82
388
4
325
132
160
219
982
288
689
856
831
767
36
216
96
138
167
796
10
849
296
376
144
714
7
950
762
993
801
497
925
484
278
675
693
754
929
979
683
192
838
119
863
594
204
928
398
709
703
491
520
211
236
944
135
285
306
36
20
966
395
718
892
578
593
425
901
770
894
802
610
621
34
896
315
638
72
200
949
774
917
456
334
139
272
809
362
982
144
759
122
749
672
467
633
978
205
603
177
324
626
985
410
103
275
415
717
969
934
721
114
683
923
921
87
292
390
46
392
787
136
50
359
728
607
721
655
665
534
696
953
702
229
852
376
685
651
912
31
158
768
589
50
163
452
150
621
789
415
566
250
234
537
411
904
845
620
794
293
169
847
647
863
782
989
832
654
339
512
554
786
973
762
469
701
54
46
594
753
650
144
269
14
724
504
611
70
599
707
705
677
886
318
743
69
196
889
426
516
816
274
879
994
331
6
613
113
396
241
628
922
939
461
411
24
127
162
120
487
35
878
508
135
37
374
632
876
286
680
702
421
107
883
326
50
10
7
797
712
669
855
497
246
944
831
963
448
531
955
885
789
269
351
670
431
961
883
21
173
956
383
557
150
381
795
459
819
716
525
388
372
969
181
182
875
27
688
386
307
843
957
810
5
622
635
684
630
397
917
34
194
154
488
727
238
297
572
221
655
839
755
963
434
1
880
480
362
354
4
396
920
954
761
9
830
562
288
7
451
228
383
181
685
784
509
905
874
262
528
448
677
725
874
490
627
929
737
206
842
520
635
149
969
752
429
111
226
137
675
362
794
456
387
221
51
819
207
352
917
918
337
434
876
914
888
990
237
504
652
510
451
46
485
497
448
600
186
44
364
454
814
452
581
416
901
924
970
710
824
344
342
846
732
8
768
354
447
622
123
513
66
349
706
527
873
707
440
148
678
656
544
251
415
634
151
393
356
242
791
893
992
620
12
194
618
142
89
790
671
416
376
246
155
452
929
384
828
844
265
391
219
727
855
646
611
97
645
825
159
389
573
69
904
441
977
692
864
465
714
453
487
970
827
375
104
693
22
405
165
225
783
206
153
216
560
517
418
375
547
883
33
898
863
614
865
32
159
134
162
870
800
386
651
946
469
618
994
147
718
345
183
256
499
848
459
502
387
929
898
120
744
717
946
23
445
210
637
231
983
64
832
489
694
729
687
854
433
739
251
242
437
77
66
859
954
367
569
323
5
539
217
131
790
879
937
901
517
33
196
557
431
893
240
188
699
104
240
206
478
972
944
873
403
948
401
441
209
268
880
542
911
345
650
434
476
253
669
621
588
76
865
965
682
85
609
689
722
288
655
387
645
273
228
356
967
860
299
501
941
25
655
936
916
573
824
263
277
197
727
103
390
617
866
390
50
991
773
366
426
571
464
880
554
370
233
783
197
581
779
915
909
244
415
758
851
59
729
105
89
296
698
999
269
839
427
689
860
541
469
918
979
323
560
132
202
359
390
203
232
545
645
329
310
515
580
935
446
784
991
592
491
946
928
909
178
75
490
352
537
253
607
748
472
959
413
791
945
105
453
41
509
453
370
91
45
928
900
810
765
684
649
797
124
133
998
225
588
381
841
919
11
469
907
796
551
156
265
389
649
571
494
945
685
459
843
691
479
620
402
663
470
415
421
142
30
824
439
787
380
535
821
365
822
718
262
318
231
698
891
119
402
474
865
832
137
91
692
839
303
626
965
327
435
487
679
333
633
573
396
869
264
258
187
561
921
850
935
254
73
209
670
530
611
889
71
462
782
405
319
243
291
640
927
567
842
625
417
808
351
319
302
466
435
473
370
735
854
898
875
476
30
1000
15
490
734
753
948
361
936
367
758
197
742
381
130
588
546
518
977
985
104
215
274
322
870
795
808
524
605
609
576
820
855
233
700
167
470
954
551
175
303
920
20
327
475
481
809
964
169
451
258
922
995
254
604
845
143
889
469
587
20
973
22
584
747
476
56
860
209
144
415
123
117
103
980
502
898
347
753
397
941
815
595
709
83
160
772
909
245
43
992
924
275
314
785
304
122
279
436
22
228
452
363
455
780
79
483
635
134
934
940
135
285
594
46
494
222
869
305
301
860
212
316
937
82
217
934
775
266
908
200
87
56
803
628
613
97
846
531
835
617
545
113
107
471
547
693
745
274
983
380
774
139
87
411
997
587
410
850
53
380
943
420
185
441
166
29
577
793
359
271
393
987
745
602
655
911
224
437
847
116
109
95
820
622
565
574
189
793
846
794
301
5
359
535
41
98
412
76
240
890
329
988
459
293
974
71
428
724
631
707
514
579
452
124
44
323
197
313
57
5
609
996
815
863
891
180
243
241
883
585
274
247
301
978
35
68
725
399
896
138
344
138
849
730
365
289
821
616
572
161
201
356
280
888
380
302
367
67
399
775
463
157
858
451
694
945
936
683
612
12
788
851
688
693
289
821
779
167
905
644
95
108
472
692
512
712
155
783
757
951
456
312
501
318
87
45
688
742
791
390
545
597
675
178
607
222
495
852
390
651
475
264
466
919
234
617
919
644
146
521
194
854
161
451
445
606
422
828
694
529
495
645
729
147
190
1000
863
870
690
11
456
668
464
744
604
128
287
193
721
573
173
248
174
970
473
719
150
812
731
138
677
259
270
235
951
992
145
838
31
820
440
369
82
41
326
771
356
848
78
374
995
417
930
29
401
112
224
299
96
460
256
74
573
714
216
722
944
390
664
896
438
337
785
886
541
299
315
309
330
845
843
228
359
631
774
973
83
199
259
306
346
333
44
521
530
743
592
419
961
497
490
662
64
423
885
733
941
995
310
256
803
988
766
782
177
127
994
110
361
955
784
881
419
150
289
95
473
297
45
836
786
598
932
667
332
531
683
165
324
188
497
245
613
363
414
511
864
90
655
318
611
219
184
640
570
339
638
361
99
920
684
366
819
367
760
167
958
918
635
359
232
337
352
420
287
621
430
939
481
839
540
1
688
462
913
673
127
575
277
22
892
154
959
773
173
579
334
77
426
696
394
917
66
85
408
991
859
110
85
103
545
658
127
415
399
53
76
442
381
957
307
527
49
157
411
243
709
445
565
937
634
505
419
497
18
41
342
888
39
495
85
359
647
513
621
856
156
415
628
641
273
230
421
262
868
139
945
27
680
425
731
481
118
802
614
550
750
493
245
899
745
414
481
366
266
104
237
120
621
724
172
638
626
656
575
504
450
66
415
853
732
803
956
419
363
618
434
28
316
365
609
481
467
197
880
898
730
37
299
303
72
240
230
341
705
434
301
191
180
719
306
894
448
390
816
254
930
484
639
478
173
273
420
870
729
406
999
51
886
66
826
117
398
848
755
369
171
602
605
444
794
588
277
403
79
650
704
391
785
71
44
733
243
541
176
67
827
581
609
12
82
485
338
294
631
122
386
281
633
648
712
179
510
600
405
523
921
821
127
353
705
438
803
117
338
814
587
805
69
308
262
164
372
1000
478
998
823
34
383
659
888
86
849
411
832
895
952
886
877
229
641
605
202
26
373
379
127
878
4
298
483
888
985
401
685
159
692
494
152
802
691
179
82
376
180
329
987
346
27
907
276
652
785
858
163
592
359
937
940
281
775
782
365
607
526
116
188
423
529
593
629
692
143
517
122
167
731
615
722
589
838
853
667
307
596
406
400
659
855
30
206
505
435
598
716
392
255
698
386
108
580
423
199
452
450
97
160
212
786
572
431
462
32
65
887
202
388
802
378
562
455
154
209
255
256
215
978
660
855
947
948
587
72
466
881
258
249
476
957
144
662
572
378
382
928
436
90
456
831
380
675
548
299
536
203
972
164
380
723
336
584
966
12
706
212
322
171
886
294
553
834
299
343
200
697
505
533
173
812
701
565
568
69
569
285
987
518
422
835
708
814
30
604
139
904
365
345
479
969
77
894
611
446
181
1000
390
271
401
414
896
973
633
547
294
600
691
509
327
371
289
690
390
352
983
577
327
393
209
659
883
209
104
316
786
900
809
415
980
599
611
838
392
862
232
329
36
153
314
106
193
862
164
48
700
824
792
785
68
882
925
961
416
780
161
83
506
247
796
445
412
95
265
538
887
995
378
410
682
28
890
434
89
964
950
76
302
947
809
92
654
394
468
42
784
867
512
360
737
569
644
146
645
211
991
196
820
757
1
224
926
73
519
982
994
91
15
428
945
691
212
30
693
667
816
437
496
355
754
810
256
334
36
755
594
553
191
957
791
487
312
657
290
212
903
599
37
591
621
372
518
811
438
719
599
792
500
237
803
348
68
465
782
605
675
291
275
493
535
540
467
855
138
525
984
776
287
306
925
43
401
53
288
419
972
545
270
899
469
514
576
815
453
339
914
115
981
199
266
863
982
760
936
808
681
905
355
210
217
403
7
811
358
212
386
58
638
189
631
781
500
127
445
930
195
32
546
549
451
16
346
805
30
230
967
604
603
950
459
278
725
972
444
400
251
615
707
486
355
196
29
26
409
155
67
591
247
40
131
782
476
404
504
949
370
920
344
651
640
495
595
541
567
696
859
285
925
950
345
151
236
451
135
331
298
471
539
253
480
119
291
69
411
305
782
880
48
547
210
121
362
867
725
137
460
241
457
703
746
429
488
505
361
361
292
199
109
686
840
26
518
968
76
459
714
268
211
622
73
916
378
267
80
793
941
181
256
12
433
161
872
821
311
582
436
224
564
987
382
683
290
384
447
776
119
950
346
867
134
564
268
401
261
7
15
270
983
981
750
332
357
500
769
897
318
144
17
203
72
743
344
732
982
615
791
225
368
812
853
386
887
988
412
345
591
777
730
745
754
586
515
386
834
549
999
879
893
957
971
622
902
841
62
161
15
678
614
905
556
215
263
58
164
236
611
804
18
423
37
430
855
406
276
305
812
244
558
701
99
855
178
414
47
815
348
183
41
835
585
578
260
460
531
79
817
545
480
811
401
904
681
136
709
211
471
661
653
897
805
341
825
615
554
400
279
175
698
518
614
818
117
377
619
180
487
465
460
297
314
946
141
989
686
43
207
977
108
940
847
797
267
133
788
213
615
75
996
985
441
535
111
262
419
851
594
38
294
377
314
924
491
232
846
392
943
367
283
837
806
9
139
969
500
471
914
109
598
174
676
556
329
292
356
849
808
691
755
801
291
213
496
176
287
25
326
601
153
964
385
701
563
771
636
799
834
470
858
626
525
307
954
589
220
877
806
645
887
400
173
768
273
284
317
156
145
991
270
205
950
91
789
849
302
483
466
325
370
212
202
186
558
512
594
750
167
675
61
917
550
924
430
15
27
536
519
850
974
611
697
27
423
982
447
228
801
247
595
648
87
500
995
328
538
517
529
880
659
897
27
799
839
268
891
780
720
512
62
497
499
89
785
60
344
265
691
768
886
509
744
658
793
682
164
62
960
425
418
84
475
59
175
21
711
698
599
619
427
540
706
618
995
32
868
504
161
516
834
798
281
561
924
411
783
103
534
742
658
630
202
447
655
482
491
312
342
94
622
325
448
697
989
320
988
325
293
250
562
553
168
675
245
579
817
132
367
793
128
512
655
413
28
909
519
448
550
617
653
660
277
642
560
383
694
719
206
310
377
185
615
143
987
837
939
80
416
448
439
916
541
604
834
179
9
90
27
38
295
444
31
34
420
667
902
993
62
814
238
128
266
136
510
91
239
897
355
827
713
261
396
361
431
358
120
740
904
165
455
673
783
329
800
594
874
905
527
48
246
879
792
723
751
694
559
344
331
19
38
836
661
191
858
352
455
142
787
71
429
475
965
32
463
765
747
991
98
339
793
260
331
248
984
815
875
1000
657
823
679
300
903
127
850
664
305
556
937
81
837
907
277
617
789
115
957
152
82
353
617
704
569
975
943
249
892
36
240
701
568
577
844
25
870
641
304
762
530
196
204
59
146
299
216
748
232
471
579
819
82
349
922
253
765
50
737
503
325
405
358
249
794
967
594
863
390
893
891
923
345
901
300
57
519
131
731
817
763
467
862
398
465
277
463
576
127
12
416
441
660
90
773
43
985
992
222
484
383
651
364
413
543
456
312
613
934
137
34
300
319
735
664
570
857
546
350
677
595
738
834
101
738
333
11
424
408
939
927
162
89
651
213
502
763
595
638
156
886
748
813
228
416
116
567
357
925
174
612
873
779
801
374
203
40
209
451
628
578
310
368
503
138
677
646
352
925
406
105
981
799
716
668
250
356
73
931
466
795
752
176
32
270
718
478
444
787
516
623
553
320
993
429
976
704
974
293
734
283
464
838
385
968
642
364
586
656
770
178
941
171
892
309
697
940
772
110
990
34
844
514
800
928
263
1
992
86
265
233
454
610
340
554
778
532
592
113
664
508
249
618
402
482
346
130
945
83
471
909
192
545
686
105
760
815
891
864
845
682
742
863
925
849
859
383
982
271
994
520
200
39
412
81
858
460
298
847
717
965
840
15
249
789
701
707
370
165
351
387
821
148
773
579
695
511
706
538
316
999
786
365
751
904
407
44
717
912
981
974
691
582
368
680
493
814
60
79
583
575
329
833
792
223
536
876
767
169
290
756
901
493
871
253
583
329
880
735
925
348
725
968
875
861
592
467
645
543
395
677
656
258
130
868
183
650
865
90
57
255
991
108
466
329
282
2
551
715
572
52
514
732
273
44
260
687
514
427
280
509
593
767
953
827
15
498
847
958
287
601
27
306
544
161
908
350
468
649
445
543
350
75
940
513
923
939
347
44
340
373
694
679
67
339
513
93
883
897
526
472
646
972
313
789
681
165
740
552
380
643
201
580
160
124
847
440
214
589
658
620
376
413
386
490
41
278
333
449
432
31
549
256
843
991
427
443
849
578
830
653
551
81
389
143
94
151
667
537
511
82
341
196
13
150
172
327
847
137
496
169
269
710
381
962
743
181
668
552
121
204
606
565
516
898
445
673
180
763
166
122
868
92
672
173
387
569
856
913
55
559
813
147
274
231
248
485
360
155
97
566
284
70
533
879
884
416
145
954
705
90
165
447
541
570
981
14
987
122
395
210
345
702
846
497
96
819
383
298
105
682
915
223
622
536
768
992
937
805
960
685
819
625
737
56
16
955
410
624
236
128
345
583
437
486
942
99
213
414
123
245
87
939
358
291
506
880
212
220
929
302
101
630
828
323
757
171
640
685
648
535
11
661
500
587
826
617
664
550
17
758
477
17
357
703
708
292
809
318
555
485
415
232
170
374
532
552
991
747
955
607
357
507
651
264
634
695
749
913
305
841
593
570
332
390
738
49
334
749
386
868
810
978
114
204
605
277
650
849
746
631
180
346
658
675
919
882
27
969
362
523
800
335
984
396
962
205
941
799
55
787
301
237
748
622
638
284
582
270
671
92
188
553
265
567
650
769
527
745
665
225
626
491
154
245
792
925
650
124
77
572
611
678
520
322
750
784
20
173
271
609
905
193
371
184
772
259
883
902
765
631
585
381
782
770
562
139
659
181
210
354
163
676
532
26
758
772
410
466
560
502
39
688
682
467
1000
94
674
966
320
68
342
292
598
426
486
570
250
626
94
924
598
376
546
89
346
327
365
630
308
135
711
281
32
103
219
154
688
581
922
247
299
328
448
338
791
31
515
252
921
44
629
100
749
26
637
27
482
546
581
469
42
222
762
318
168
279
757
217
328
67
53
531
816
301
163
441
273
5
507
232
813
209
894
552
648
689
322
26
770
710
443
681
130
379
188
572
394
399
128
370
730
414
594
847
291
899
484
416
24
254
366
578
427
139
83
540
367
792
378
842
170
732
789
698
100
128
252
849
598
252
802
246
439
647
269
769
479
88
637
424
802
685
676
198
517
268
735
561
319
625
537
14
687
775
659
831
527
306
348
552
797
932
258
497
841
824
566
211
596
271
887
585
90
698
229
576
224
224
82
302
605
804
806
667
564
957
179
587
311
413
128
297
892
807
76
849
984
866
785
386
453
327
521
431
863
448
961
880
823
59
987
475
237
899
968
438
327
102
282
341
268
420
629
293
518
507
277
810
862
554
553
153
76
696
195
844
9
760
602
756
625
798
580
389
484
449
535
577
75
109
991
493
576
903
200
335
833
744
791
856
733
509
333
902
708
943
23
875
458
770
764
465
720
67
898
191
56
868
487
154
772
799
875
511
879
746
689
716
817
750
684
3
940
659
366
85
886
33
341
949
886
843
19
914
859
260
639
142
797
390
698
872
158
625
905
507
550
613
102
721
138
570
554
506
783
414
237
426
181
218
258
352
981
606
841
502
119
398
362
530
735
733
297
548
956
240
676
747
604
949
59
240
465
332
674
379
835
354
895
211
894
803
906
818
412
996
626
560
572
244
194
922
830
547
452
488
618
841
513
970
443
907
275
671
2
603
646
611
470
507
120
349
420
372
822
891
99
22
454
306
607
412
596
809
971
286
705
372
273
908
956
81
41
609
704
512
993
369
794
148
307
129
281
663
234
445
112
276
346
965
163
533
429
245
895
605
165
453
13
723
961
542
54
114
454
663
125
60
431
957
256
931
334
627
109
971
343
269
702
10
336
790
961
472
862
471
660
510
880
763
744
348
912
753
446
180
109
156
533
806
812
321
892
297
865
662
506
13
870
270
788
492
646
5
867
304
488
4
71
398
635
10
412
936
69
337
660
342
606
173
456
661
159
797
131
662
948
255
238
70
739
13
481
923
169
653
491
66
938
779
354
404
827
589
569
425
293
851
810
947
693
393
209
58
150
72
207
285
7
794
131
707
984
925
448
872
60
929
77
124
596
651
301
582
430
675
972
261
204
768
906
866
850
363
680
140
383
648
802
304
354
843
530
740
402
218
386
48
888
307
607
780
508
412
499
172
923
870
223
289
279
94
719
977
718
993
615
635
623
693
58
587
557
998
807
1000
938
543
972
608
398
291
263
860
45
745
321
368
610
753
898
887
859
345
364
517
223
356
65
700
259
598
472
633
855
902
437
654
715
470
285
958
264
501
626
63
174
307
937
51
692
427
386
638
267
588
339
699
392
11
267
534
911
891
257
709
635
128
354
705
634
647
238
500
596
447
766
263
230
861
326
342
221
229
239
589
887
304
787
984
720
855
219
242
643
581
88
595
723
705
445
754
794
606
699
606
830
888
156
494
228
240
245
515
433
364
597
15
901
172
82
255
142
497
143
79
